8.300000191
7.800000191
7.300000191
5.699999809
7.099999905
6.699999809
7.400000095
7.900000095
5.900000095
7.199999809
6.900000095
7.699999809
6.400000095
5.099999905
5.199999809
7.5
5
7
6.300000191
6
6.599999905
7.599999905
5.5
6.800000191
6.099999905
5.599999905
6.199999809
6.5
5.800000191
5.300000191
4.800000191
4.5
0
5.400000095
3.299999952
2.900000095
8
4.900000095
8.100000381
4.400000095
4
4.199999809
4.699999809
2
4.300000191
9
3.700000048
8.5
3.900000095
4.599999905
3.799999952
3.5
3
3.599999905
8.600000381
1
9.5
10
2.799999952
3.200000048
0.5
3.099999905
4.099999905
8.199999809
2.299999952
1.5
8.399999619
0.800000012
2.5
2.200000048
8.699999809